"TIME","PWM","y6"
0,0.00089895,0.00554155
0.0651829375,0.00089895,0.00554155
0.0651829385,1.79449e-006,0.00554155
0.0651829685,1.79449e-006,0.00554155
0.0651830005,1.79449e-006,0.00554155
0.06520997194,1.79401e-006,0.00554155
0.06604555594,1.77911e-006,0.00554155
0.06856213834,1.73499e-006,0.00554155
0.07191758154,1.67784e-006,0.00554155
0.07862846794,1.56908e-006,0.00554155
0.09205024074,1.37184e-006,0.00554154
0.1188937863,1.04594e-006,0.00554152
0.1725808775,5.94246e-007,0.00554147
0.2304969779,3.09908e-007,0.00554143
0.2651874375,2.10519e-007,0.0055414
0.2651874475,4.99002,0.0055414
0.2651877475,4.99002,0.0055414
0.2652283875,4.99002,0.0055414
0.2654604923,4.99005,0.0055414
0.2658059985,4.99008,0.0055414
0.2679471763,4.99029,0.00554139
0.2734798114,4.99081,0.00554138
0.2835092912,4.99165,0.00554159
0.2921586838,4.99237,0.00554359
0.300361918,4.99292,0.00555266
0.3039209586,4.99316,0.00556006
0.3086663461,4.99348,0.00557586
0.3181571211,4.99411,0.00564592
0.3191162587,4.99417,0.00565609
0.3192479675,4.99418,0.00565749
0.32019967,4.99423,0.00566839
0.3212873299,4.99429,0.0056819
0.3234626498,4.99442,0.00571264
0.3278132895,4.99466,0.00579183
0.336514569,4.99507,0.0060483
0.3386898888,4.99517,0.00614033
0.3430405286,4.99537,0.00635547
0.351741808,4.99578,0.00697043
0.3526935105,4.99582,0.00705333
0.3536452129,4.99587,0.00713979
0.3539171279,4.99588,0.00716552
0.3544609579,4.9959,0.00721698
0.3555486178,4.99595,0.00732446
0.3565003202,4.99599,0.00742326
0.3574520227,4.99602,0.0075261
0.3582677676,4.99606,0.00761772
0.3593554276,4.9961,0.00774502
0.3615307474,4.99617,0.0080183
0.3658813872,4.9963,0.00864634
0.3745826666,4.99657,0.0102855
0.3919852256,4.99711,0.0156016
0.3954615651,4.99722,0.0170794
0.4024142443,4.99743,0.0204085
0.4045869566,4.9975,0.0215817
0.4054560415,4.99753,0.0220615
0.4072485291,4.99758,0.023084
0.4075900311,4.99759,0.023284
0.4080177838,4.9976,0.0235367
0.4084523262,4.99761,0.0237963
0.4093214111,4.99763,0.0243238
0.4110595809,4.99767,0.0254132
0.4145359205,4.99775,0.0277342
0.4214885997,4.9979,0.0329825
0.4353939581,4.99813,0.046205
0.4388702976,4.99819,0.0502262
0.4458229768,4.99831,0.0589211
0.4597283352,4.99854,0.079677
0.4610319625,4.99856,0.0818597
0.4627701323,4.99859,0.084835
0.4662464719,4.99865,0.091025
0.4677673705,4.99868,0.0938459
0.4686364554,4.99869,0.0954801
0.4703746252,4.99871,0.0988105
0.4738509648,4.99875,0.105724
0.4808036439,4.99884,0.120593
0.4947090023,4.99898,0.154683
0.4981853419,4.99901,0.164315
0.5051380211,4.99909,0.184509
0.5073514717,4.99911,0.191264
0.508655099,4.99912,0.195289
0.5103932688,4.99913,0.200742
0.5138696084,4.99915,0.211945
0.5208222876,4.9992,0.235558
0.5347276459,4.99929,0.287664
0.5625383627,4.99948,0.411428
0.5651456174,4.99949,0.424389
0.5686219569,4.99952,0.442003
0.5694910418,4.99952,0.446489
0.5705230802,4.99953,0.451816
0.5735648773,4.99954,0.467747
0.5750857759,4.99955,0.475846
0.5757919074,4.99955,0.479607
0.5770955347,4.99956,0.486622
0.5788337045,4.99956,0.496063
0.5823100441,4.99958,0.515238
0.5892627233,4.9996,0.554752
0.6031680816,4.99966,0.638284
0.6046007138,4.99966,0.647233
0.6054697987,4.99967,0.652713
0.6072079685,4.99967,0.663672
0.610684308,4.99968,0.6859
0.6176369872,4.9997,0.731397
0.6315423456,4.99973,0.826343
0.6593530623,4.99979,1.0302
0.6680439113,4.99982,1.09805
0.6723893358,4.99983,1.1323
0.6776038451,4.99984,1.17389
0.6788803136,4.99984,1.18407
0.6824924477,4.99985,1.2132
0.6828726723,4.99985,1.21626
0.6872180968,4.99985,1.2516
0.6890241639,4.99986,1.26637
0.6892244608,4.99986,1.26801
0.6892482248,4.99986,1.2682
0.6896691878,4.99986,1.27165
0.692710985,4.99986,1.29667
0.6961873246,4.99986,1.32542
0.7031400037,4.99987,1.38339
0.7170453621,4.99988,1.50095
0.7448560788,4.99991,1.74047
0.7691904559,4.99994,1.95325
0.7794972597,4.99994,2.04337
0.7798774843,4.99994,2.04669
0.7880251552,4.99995,2.11777
0.7895460538,4.99995,2.131
0.7947605632,4.99995,2.17636
0.8017132423,4.99995,2.23661
0.8156186007,4.99996,2.35619
0.8434293174,4.99996,2.59033
0.8503819966,4.99997,2.64745
0.864287355,4.99997,2.76024
0.8920980717,4.99998,2.97805
0.8990507509,4.99998,3.03044
0.9129561092,4.99998,3.13335
0.9407668259,4.99999,3.32974
0.9759373377,4.99999,3.55882
1.02211076,4.99999,3.82595
1.070476392,5,4.06541
1.115119269,5,4.25157
1.126279989,5,4.29201
1.148601428,5,4.36848
1.193244305,5,4.50179
1.204405025,5,4.53034
1.226726463,5,4.58399
1.271369341,5,4.67626
1.28253006,5,4.69571
1.304851499,5,4.73206
1.349494377,5,4.79385
1.360655096,5,4.80669
1.382976535,5,4.83059
1.427619413,5,4.8708
1.461101571,5,4.89434
1.505744448,5,4.91985
1.568122548,5,4.9461
1.578603187,5,4.94948
1.610060467,5,4.95837
1.652003507,5,4.9678
1.714391958,5,4.97791
1.714400917,5,4.97791
1.717012117,5,4.97823
1.7211875,5,4.97874
1.72118751,0.00998006,4.97874
1.72122845,0.00997596,4.97874
1.721820203,0.00991722,4.97881
1.723391516,0.00976292,4.979
1.724868521,0.00962007,4.97917
1.726837861,0.00943284,4.97939
1.728820802,0.00924798,4.97962
1.731158089,0.00903472,4.97986
1.734035308,0.00877893,4.98016
1.737841126,0.00845163,4.98055
1.740057139,0.00826716,4.98077
1.743011823,0.00802705,4.98107
1.74892119,0.0075672,4.98168
1.756578337,0.0070098,4.98246
1.765726929,0.00639688,4.98322
1.767088715,0.0063111,4.98333
1.77049318,0.00610085,4.98362
1.772152857,0.00600074,4.98375
1.77252522,0.00597849,4.98378
1.772572015,0.0059757,4.98379
1.772590633,0.00597459,4.98379
1.773250248,0.00593538,4.98383
1.775292927,0.00581561,4.98397
1.778016499,0.00565964,4.98415
1.783463643,0.00536004,4.9845
1.794357932,0.00480678,4.98482
1.797081504,0.00467958,4.9849
1.802528648,0.00443322,4.98507
1.813422936,0.00397672,4.98478
1.835211513,0.00319469,4.98186
1.840468685,0.00303544,4.98017
1.850983029,0.00273578,4.97679
1.853611615,0.00266585,4.97595
1.859033074,0.00252611,4.97347
1.859511494,0.00251408,4.97325
1.85951342,0.00251403,4.97325
1.859576311,0.00251245,4.97322
1.859637918,0.00251091,4.97318
1.860870068,0.00248022,4.97253
1.862184361,0.0024479,4.97183
1.864812947,0.00238451,4.97044
1.870070119,0.00226257,4.96676
1.880584463,0.00203679,4.9594
1.901613152,0.00164857,4.93704
1.943670529,0.00106882,4.85878
1.946726459,0.00103681,4.85112
1.950929038,0.000994251,4.84057
1.950929085,0.000994251,4.84057
1.950960855,0.000993936,4.84049
1.951056353,0.000992989,4.84023
1.951947666,0.000984195,4.83784
1.95296631,0.00097424,4.83511
1.955003597,0.00095463,4.82965
1.959078171,0.000916579,4.8182
1.967227319,0.000844909,4.79369
1.983525616,0.000717545,4.73805
2.016122209,0.000515109,4.59993
2.024271357,0.000476367,4.55869
2.040569653,0.000405772,4.47088
2.041078975,0.000403731,4.46813
2.04235228,0.000398627,4.46093
2.043661396,0.000393455,4.45353
2.043671343,0.000393416,4.45347
2.043709642,0.000393266,4.45325
2.04380514,0.000392891,4.4527
2.044696453,0.000389411,4.44757
2.045715096,0.000385473,4.4417
2.047752383,0.000377714,4.42997
2.051826958,0.000362658,4.40597
2.059976106,0.000334301,4.35645
2.076274402,0.000283907,4.25155
2.108870995,0.000203811,4.02108
2.117020144,0.000188482,3.95862
2.13331844,0.00016055,3.8305
2.134846405,0.000158124,3.81849
2.137372124,0.000154189,3.79823
2.137442504,0.000154081,3.79767
2.138397482,0.000152619,3.78995
2.139416126,0.000151075,3.78172
2.141453413,0.000148035,3.76527
2.145527987,0.000142134,3.7321
2.153677135,0.00013102,3.66502
2.169975432,0.00011127,3.5284
2.202572025,7.98781e-005,3.24865
2.25517981,4.57029e-005,2.79359
2.26251557,4.25852e-005,2.73014
2.277187091,3.68533e-005,2.60421
2.306530133,2.74455e-005,2.35828
2.3451875,1.84221e-005,2.05026
2.34518751,4.99004,2.05026
2.34519773,4.99004,2.05018
2.34522845,4.99004,2.04994
2.345862093,4.9901,2.04505
2.346768428,4.99019,2.03807
2.349193241,4.99043,2.01941
2.351478338,4.99064,2.00192
2.356048533,4.99101,1.96718
2.365188923,4.99175,1.89872
2.382946204,4.99317,1.76975
2.40369016,4.99442,1.62629
2.409919109,4.99479,1.58492
2.412886748,4.99493,1.5654
2.416843599,4.99512,1.53966
2.424757302,4.99548,1.48916
2.428219546,4.99565,1.46753
2.431929094,4.99582,1.44463
2.432423701,4.99584,1.44158
2.434587604,4.99593,1.42837
2.436009597,4.99599,1.41976
2.436743779,4.99601,1.41531
2.440206024,4.99615,1.39458
2.444162875,4.9963,1.37123
2.452076577,4.99651,1.32571
2.467903982,4.99693,1.23971
2.499558792,4.99777,1.0909
2.508214404,4.998,1.05696
2.511182043,4.99808,1.04556
2.515138894,4.99818,1.03088
2.523052597,4.99831,1.00332
2.538880002,4.99855,0.955794
2.540363821,4.99858,0.95187
2.542342246,4.99861,0.946773
2.546561857,4.99867,0.93648
2.546747335,4.99868,0.936027
2.548478457,4.9987,0.932033
2.550456883,4.99872,0.927628
2.554413734,4.99877,0.919338
2.562327436,4.99886,0.904866
2.564305862,4.99888,0.901778
2.568262713,4.99893,0.896034
2.576609196,4.99902,0.886208
2.57686616,4.99902,0.885956
2.576989328,4.99902,0.885835
2.57785489,4.99903,0.885031
2.578844103,4.99904,0.884112
2.580822528,4.99905,0.882452
2.584779379,4.99908,0.879688
2.592693082,4.99913,0.876393
2.608520487,4.99924,0.878788
2.640175297,4.99947,0.919149
2.643142935,4.99949,0.925402
2.647099787,4.99951,0.934335
2.648336303,4.99952,0.93731
2.64926369,4.99953,0.939542
2.653096889,4.99954,0.949257
2.654580708,4.99955,0.953195
2.656559134,4.99956,0.958601
2.660515985,4.99958,0.96994
2.668576524,4.99961,0.995182
2.669442085,4.99961,0.998081
2.670431298,4.99962,1.0014
2.672409724,4.99962,1.00819
2.676366575,4.99963,1.02227
2.684280277,4.99965,1.05241
2.700107682,4.9997,1.12022
2.731762492,4.99978,1.28279
2.741654621,4.99981,1.34166
2.746600685,4.99982,1.37173
2.74857911,4.99982,1.38401
2.751283989,4.99983,1.40081
2.752767808,4.99983,1.41018
2.754746234,4.99984,1.42267
2.759182235,4.99984,1.45115
2.76264448,4.99985,1.47372
2.766601331,4.99985,1.49987
2.774515034,4.99986,1.55325
2.790342439,4.99988,1.66384
2.821997249,4.99991,1.89672
2.829910951,4.99991,1.95746
2.85068442,4.99993,2.11859
2.85760891,4.99994,2.1728
2.859772813,4.99994,2.18974
2.869170335,4.99995,2.26361
2.877084037,4.99995,2.32581
2.892911442,4.99996,2.45008
2.924566252,4.99997,2.69538
2.932479955,4.99997,2.75563
2.94830736,4.99998,2.8747
2.97996217,4.99998,3.10463
2.987875872,4.99998,3.1599
3.003703277,4.99998,3.26827
3.035358087,4.99998,3.47407
3.065930874,4.99999,3.65791
3.100317224,4.99999,3.84637
3.158689526,5,4.12209
3.211588162,5,4.32622
3.224812821,5,4.36937
3.251262139,5,4.45003
3.304160775,5,4.5868
3.317385434,5,4.61507
3.343834752,5,4.66749
3.396733388,5,4.75477
3.409958048,5,4.77241
3.436407366,5,4.80488
3.489306002,5,4.85815
3.502530661,5,4.8687
3.528979979,5,4.88803
3.581878615,5,4.91932
3.595103274,5,4.92541
3.621552592,5,4.93652
3.674451229,5,4.95429
3.736839457,5,4.9691
3.736848418,5,4.9691
3.739459618,5,4.96956
3.747323938,5,4.97096
3.778781217,5,4.97583
3.820724257,5,4.98095
3.883113987,5,4.98636
3.883121667,5,4.98636
3.888354307,5,4.98668
3.904082947,5,4.98764
3.966997507,5,4.99053
4.02937561,5,4.99238
4.03985625,5,4.9926
4.11325657,5,4.99375
4.175644895,5,4.99435
4.175653855,5,4.99435
4.178265055,5,4.99437
4.196615135,5,4.99449
4.217187562,5,4.9946
4.217187572,0.00998007,4.9946
4.217197792,0.00997904,4.9946
4.217228512,0.00997596,4.9946
4.21764306,0.00993481,4.99461
4.217820338,0.00991721,4.99461
4.219391826,0.0097629,4.99461
4.22086901,0.00962004,4.99462
4.222838588,0.00943278,4.99463
4.224817828,0.00924826,4.99464
4.227150478,0.00903542,4.99465
4.230022171,0.00878009,4.99466
4.23382089,0.00845334,4.99467
4.23971795,0.00796985,4.99468
4.241990116,0.00779156,4.99469
4.245019671,0.00755961,4.9947
4.25107878,0.00711588,4.99472
4.26133529,0.00642231,4.99475
4.262669824,0.0063379,4.99475
4.26600616,0.0061309,4.99474
4.26819563,0.00599853,4.99473
4.268572922,0.00597599,4.99473
4.268616744,0.00597337,4.99473
4.269909574,0.0058968,4.99472
4.271244109,0.00581878,4.9947
4.273913177,0.00566581,4.99468
4.279251314,0.00537173,4.99462
4.289927587,0.00482782,4.99422
4.292517101,0.0047062,4.99413
4.29769613,0.00447026,4.99393
4.308054186,0.00403147,4.99308
4.328770299,0.00327427,4.98924
4.331743643,0.0031799,4.98869
4.337690332,0.00299767,4.98656
4.349583709,0.00266228,4.98231
4.35330039,0.00256652,4.98045
4.355455538,0.00251198,4.97937
4.355456627,0.00251195,4.97937
4.356198511,0.00249342,4.97897
4.35842852,0.00243854,4.97769
4.361401864,0.00236723,4.97597
4.367348553,0.00223075,4.97204
4.37924193,0.00198052,4.96234
4.403028685,0.00155837,4.93416
4.408975373,0.00147106,4.92477
4.420868751,0.00130806,4.90372
4.425187438,0.00125297,4.89523
4.425187447,4.99127,4.89523
4.425193951,4.99127,4.89522
4.425210236,4.99127,4.89519
4.427967846,4.99151,4.88952
4.43074717,4.99174,4.88359
4.437695478,4.99227,4.86773
4.446945414,4.99298,4.84435
4.447021412,4.99298,4.84416
4.447072302,4.99298,4.84402
4.447081802,4.99298,4.84399
4.447142871,4.99299,4.84383
4.44744686,4.99301,4.84302
4.452658091,4.99334,4.82862
4.458216738,4.99368,4.81232
4.469464313,4.99439,4.77616
4.469985436,4.99442,4.77449
4.474849252,4.99465,4.75754
4.480407899,4.99492,4.73721
4.491525193,4.99546,4.69354
4.496389009,4.99569,4.67304
4.499168333,4.99583,4.66087
4.503207037,4.99599,4.6432
4.503228751,4.99599,4.6431
4.505964647,4.99609,4.63073
4.514302618,4.99639,4.59163
4.525419912,4.99679,4.53641
4.5476545,4.99739,4.41686
4.559466625,4.9977,4.34851
4.562261555,4.99778,4.33205
4.562432548,4.99778,4.33105
4.567817488,4.9979,4.299
4.580671859,4.99815,4.22101
4.582517503,4.99818,4.20965
4.585600815,4.99824,4.19068
4.587815589,4.99828,4.17698
4.590573199,4.99832,4.15993
4.610028463,4.99859,4.03901
4.632263051,4.9989,3.90288
4.637821698,4.99896,3.86961
4.648938992,4.99905,3.80424
4.659708871,4.99914,3.7429
4.663877856,4.99918,3.71972
4.669436503,4.99922,3.68942
4.680553797,4.99932,3.63108
4.69028143,4.99937,3.58288
4.6986194,4.99942,3.54358
4.709736694,4.99948,3.49449
4.715034779,4.99952,3.47265
4.715555903,4.99952,3.4705
4.720419719,4.99953,3.4512
4.725978366,4.99955,3.43013
4.73709566,4.99959,3.39123
4.759330248,4.99966,3.32681
4.803799424,4.9998,3.25144
4.866177235,4.9999,3.25511
4.868793555,4.9999,3.25804
4.876657875,4.99991,3.26802
4.887143635,4.99992,3.28393
4.908115155,4.99992,3.32383
4.950058195,4.99994,3.42972
4.960543955,4.99995,3.462
4.981515475,4.99995,3.52956
5.023458515,4.99997,3.67449
5.054915795,4.99999,3.78946
5.096858835,4.99999,3.94196
5.115208915,4.99999,4.00747
5.125694675,4.99999,4.04436
5.146666195,4.99999,4.11639
5.188609235,4.99999,4.25186
5.199094995,4.99999,4.28344
5.220066515,5,4.3445
5.262009555,5,4.4563
5.272495315,5,4.48162
5.293466835,5,4.5301
5.335409875,5,4.61702
5.397797692,5,4.72281
5.397807292,5,4.72282
5.399107772,5,4.72471
5.403039932,5,4.73043
5.418768572,5,4.75222
5.439740092,5,4.77893
5.4651875,5,4.80797
5.46518751,0.00997981,4.80797
5.46519773,0.00997879,4.80798
5.46522845,0.00997573,4.80801
5.465639757,0.0099349,4.80845
5.465815713,0.00991744,4.80864
5.467376445,0.00976417,4.81027
5.468842583,0.00962235,4.81181
5.470797433,0.00943643,4.81385
5.473018278,0.00922956,4.81618
5.475637659,0.00899137,4.81879
5.478858831,0.00870684,4.822
5.483093863,0.00834635,4.82621
5.485599319,0.00814075,4.82871
5.488939927,0.00787395,4.83185
5.495621144,0.00736582,4.83813
5.508983576,0.00644373,4.84967
5.512490414,0.00622466,4.85269
5.514243833,0.00611683,4.85421
5.516545195,0.00597802,4.8562
5.516580469,0.00597589,4.85622
5.516586462,0.00597553,4.85623
5.516756324,0.00596541,4.85636
5.517983718,0.00589279,4.85734
5.519386453,0.00581086,4.85846
5.522191923,0.0056504,4.8607
5.527802863,0.00534253,4.86482
5.539024744,0.00477535,4.87306
5.561468506,0.00380961,4.88636
5.567079447,0.0036076,4.88863
5.578301328,0.00322901,4.89318
5.600745089,0.00257947,4.89641
5.603556039,0.00250824,4.89681
5.603577957,0.00250769,4.89681
5.603593025,0.00250731,4.89681
5.603603984,0.00250704,4.89681
5.604283434,0.00249009,4.89677
5.606387537,0.00243835,4.89667
5.609193007,0.00237102,4.89624
5.614803947,0.00224183,4.8954
5.626025828,0.00200383,4.89156
5.64846959,0.00159859,4.87531
5.673187438,0.0012438,4.84213
5.673187447,4.99126,4.84213
5.673193951,4.99126,4.84212
5.673210237,4.99127,4.84209
5.675967966,4.9915,4.83738
5.678747409,4.99174,4.8324
5.685696017,4.99226,4.81885
5.695174352,4.99298,4.79788
5.695202852,4.99299,4.79782
5.69528937,4.99299,4.79761
5.695897374,4.99303,4.79617
5.700761399,4.99334,4.78417
5.707710007,4.99378,4.76562
5.716222052,4.99431,4.74055
5.716949484,4.99435,4.7384
5.721813509,4.99461,4.72292
5.727372396,4.99491,4.70423
5.738490168,4.99542,4.66369
5.747805646,4.99585,4.62626
5.747816503,4.99585,4.62622
5.751182235,4.99599,4.61207
5.751225664,4.99599,4.61189
5.75407025,4.9961,4.59965
5.762408579,4.99641,4.56229
5.773526352,4.99673,4.50925
5.795761897,4.99736,4.39365
5.808616821,4.99773,4.32119
5.810049972,4.99777,4.31296
5.810220973,4.99777,4.31198
5.810225044,4.99777,4.31195
5.812999059,4.99783,4.29592
5.821337388,4.99801,4.24697
5.82272711,4.99803,4.23881
5.830023148,4.99817,4.1952
5.833714596,4.99824,4.17293
5.835625463,4.99827,4.16139
5.835951179,4.99828,4.15942
5.841466636,4.99835,4.12592
5.858143295,4.99858,4.02416
5.88037884,4.99888,3.89028
5.885937726,4.99895,3.85751
5.897055499,4.99905,3.79309
5.907825841,4.99914,3.7326
5.911995006,4.99918,3.70973
5.917553892,4.99922,3.67984
5.928671665,4.99932,3.62226
5.938399716,4.99937,3.57468
5.946738045,4.99942,3.53588
5.957855818,4.99948,3.48741
5.963762134,4.99952,3.46337
5.967931299,4.99953,3.447
5.973490185,4.99955,3.42608
5.984607958,4.99958,3.38746
6.006843503,4.99964,3.32345
6.051314593,4.99976,3.24852
6.0891875,4.99987,3.23802
6.08918751,0.00984781,3.23802
6.089193766,0.00984717,3.23802
6.089207623,0.00984576,3.23803
6.090371605,0.00973205,3.23852
6.092440907,0.0095332,3.23939
6.093623366,0.00942138,3.24002
6.095988282,0.00920163,3.24127
6.100718115,0.00877723,3.24439
6.110177781,0.00798538,3.25262
6.129097113,0.00660376,3.27658
6.133826946,0.00630609,3.2845
6.135009404,0.00623254,3.28648
6.13796555,0.00605179,3.29143
6.139231438,0.0059759,3.29367
6.139268751,0.00597367,3.29373
6.140414257,0.00590577,3.2958
6.141596715,0.00583648,3.29794
6.143961632,0.00570033,3.30246
6.148691465,0.00543741,3.31151
6.158151131,0.00494686,3.33125
6.177070463,0.00409095,3.37537
6.214909126,0.00277702,3.47381
6.215890756,0.00275029,3.47637
6.217854014,0.00269682,3.48181
6.219326459,0.00265754,3.4859
6.221753691,0.00259396,3.49264
6.221769628,0.00259354,3.49268
6.22183074,0.00259196,3.49285
6.222260203,0.00258087,3.49404
6.223732647,0.00254323,3.49811
6.225695906,0.00249388,3.50353
6.229622423,0.00239802,3.51439
6.237475458,0.00221707,3.53582
6.253181528,0.00189417,3.57702
6.284593669,0.00137687,3.64748
6.292446704,0.0012768,3.66146
6.294409963,0.00125226,3.66495
6.297187437,0.00121815,3.66965
6.297187447,4.99124,3.66965
6.297193949,4.99124,3.66966
6.297210225,4.99124,3.66969
6.299966341,4.99147,3.67417
6.303959453,4.99181,3.68025
6.304606435,4.99186,3.68123
6.304607961,4.99186,3.68123
6.30469409,4.99187,3.68136
6.305301737,4.99192,3.68224
6.310162918,4.99225,3.68887
6.315718552,4.99264,3.69558
6.326829821,4.9934,3.70601
6.335163273,4.99398,3.7109
6.337593863,4.99414,3.71183
6.339671801,4.99426,3.71263
6.344532981,4.99453,3.71372
6.350088616,4.9948,3.71392
6.361199885,4.99532,3.71094
6.369533337,4.99572,3.70548
6.373808571,4.99592,3.70173
6.374459622,4.99594,3.70116
6.376977019,4.99604,3.69863
6.381143745,4.99619,3.69394
6.388088288,4.99644,3.68473
6.392949469,4.99662,3.67725
6.395879198,4.99672,3.67238
6.395958884,4.99673,3.67224
6.395999574,4.99673,3.67217
6.398733988,4.99681,3.66736
6.40706744,4.99705,3.65119
6.418178709,4.99738,3.62635
6.440401248,4.99786,3.56713
6.450818063,4.99808,3.53502
6.457502186,4.99823,3.51355
6.458717481,4.99825,3.50965
6.461441044,4.9983,3.50067
6.462048691,4.99831,3.49867
6.466909872,4.99837,3.48239
6.483576775,4.9986,3.42492
6.505831866,4.99891,3.34692
6.505888494,4.99891,3.34672
6.505907483,4.99891,3.34665
6.511441416,4.99897,3.32719
6.516997051,4.99902,3.30784
6.530886137,4.99914,3.26069
6.538264714,4.99921,3.23653
6.54243144,4.99924,3.22321
6.547987075,4.99927,3.20587
6.559098344,4.99934,3.17289
6.567431796,4.9994,3.14987
6.579584747,4.99947,3.11897
6.583751473,4.9995,3.10928
6.585834836,4.99951,3.10443
6.590522402,4.99953,3.09418
6.594689128,4.99955,3.08555
6.601633672,4.99958,3.07238
6.603196194,4.99959,3.06942
6.608057374,4.9996,3.0611
6.613613009,4.99962,3.05241
6.624724278,4.99967,3.03776
6.628196549,4.99968,3.03409
6.629411845,4.99968,3.0328
6.63357857,4.99969,3.02884
6.639134205,4.99971,3.02437
6.650245474,4.99974,3.01827
6.655453882,4.99975,3.01688
6.656148336,4.99976,3.01669
6.660315062,4.99976,3.01613
6.665870697,4.99977,3.01619
6.676981966,4.99979,3.0191
6.699204504,4.99984,3.03567
6.713187562,4.99986,3.05318
6.713187572,0.00984261,3.05318
6.713193848,0.00984199,3.05319
6.713208034,0.0098406,3.05321
6.714399678,0.00972426,3.05499
6.716518157,0.0095209,3.05815
6.718636635,0.00932182,3.0615
6.719847195,0.0092099,3.06341
6.722268313,0.00899003,3.06756
6.72711055,0.00856577,3.07586
6.736795024,0.00777545,3.09448
6.756163972,0.00640082,3.13804
6.761460169,0.00607817,3.15164
6.763160154,0.00597594,3.156
6.763161188,0.00597588,3.15601
6.76318365,0.00597454,3.15606
6.763316055,0.00596665,3.15641
6.764375294,0.0059039,3.15919
6.765585853,0.005833,3.16237
6.768006972,0.00569374,3.16894
6.772849209,0.00542502,3.18209
6.782533683,0.00492448,3.20973
6.801902631,0.00405387,3.26871
6.840640527,0.00272523,3.39279
6.841631297,0.00269875,3.39596
6.843612838,0.0026458,3.40249
6.845679524,0.00259186,3.4093
6.845681459,0.00259181,3.40931
6.845699721,0.00259133,3.40937
6.845707462,0.00259113,3.40939
6.846682751,0.00256604,3.41259
6.849655063,0.00249103,3.42233
6.853618145,0.0023944,3.4351
6.861544309,0.00221211,3.46065
6.877396637,0.00188714,3.50928
6.909101292,0.00136754,3.59249
6.917027456,0.00126729,3.60912
6.919008997,0.00124272,3.61328
6.922972079,0.00119471,3.62095
6.925944391,0.00115989,3.6267
6.926439776,0.00115421,3.62766
6.927678239,0.00114002,3.62989
6.928394467,0.0011319,3.63118
6.92839483,0.0011319,3.63118
6.928642039,0.00112911,3.63162
6.928889732,0.00112632,3.63206
6.929385117,0.00112077,3.63293
6.930375887,0.00110974,3.63461
6.932357428,0.00108801,3.63798
6.93632051,0.0010458,3.64427
6.944246674,0.000966184,3.65529
6.960099002,0.000824248,3.67072
6.991803658,0.000597302,3.67308
6.999729822,0.000553517,3.66623
7.001711363,0.000542783,3.66452
7.005674445,0.000521812,3.66038
7.006665215,0.000516743,3.65934
7.008646756,0.000506605,3.65696
7.01004293,0.000499602,3.65527
7.010044865,0.000499592,3.65527
7.010060588,0.000499514,3.65525
7.010068328,0.000499475,3.65524
7.011043618,0.000494637,3.65397
7.012034388,0.000489818,3.65267
7.014015929,0.000480179,3.64976
7.017979011,0.000461553,3.64394
7.025905175,0.000426414,3.63006
7.041757503,0.000363772,3.59476
7.073462159,0.000263612,3.49555
7.081388323,0.000244288,3.4637
7.083369864,0.000239551,3.45574
7.087332945,0.000230296,3.43907
7.09057738,0.000222978,3.42543
7.090577864,0.000222977,3.42542
7.090702436,0.0002227,3.42489
7.090826282,0.000222424,3.42434
7.092560131,0.000218609,3.41675
7.094541672,0.000214328,3.40806
7.098504754,0.000206014,3.3902
7.106430918,0.00019033,3.35301
7.122283245,0.000162369,3.27314
7.153987901,0.000117663,3.09471
7.207330668,6.68119e-005,2.75527
7.265576257,3.4567e-005,2.35651
7.272300404,3.23932e-005,2.30897
7.285748696,2.83696e-005,2.21389
7.312645282,2.16619e-005,2.02661
7.366438452,1.23256e-005,1.6709
7.417194718,7.04449e-006,1.36614
7.424722274,6.55226e-006,1.32403
7.439777384,5.64922e-006,1.24187
7.469887606,4.1742e-006,1.08767
7.53010805,2.20069e-006,0.8205
7.59010046,1.10493e-006,0.606317
7.644433434,5.74232e-007,0.453012
7.688563612,3.38073e-007,0.353721
7.729156506,2.10188e-007,0.279672
7.753187438,1.6147e-007,0.24281
7.753187448,4.99002,0.24281
7.753197667,4.99002,0.242794
7.753228387,4.99002,0.242751
7.753633674,4.99006,0.242173
7.753807183,4.99008,0.241927
7.754986952,4.9902,0.240255
7.757395335,4.99043,0.236876
7.759435254,4.99062,0.234047
7.762357439,4.99087,0.230051
7.765725728,4.99115,0.225522
7.7710221,4.99158,0.218567
7.77585402,4.99199,0.212397
7.78229658,4.99252,0.204418
7.78390722,4.99265,0.202491
7.7871285,4.99286,0.198636
7.793571059,4.99327,0.191156
7.798402979,4.99358,0.185741
7.804845539,4.994,0.178752
7.809677458,4.99431,0.173709
7.810691973,4.99437,0.172671
7.811091487,4.99439,0.172262
7.813910107,4.99455,0.169414
7.817131387,4.99472,0.166229
7.823573946,4.99502,0.16009
7.836459066,4.99563,0.148824
7.841259528,4.99585,0.145036
7.841410525,4.99586,0.144917
7.843423825,4.99594,0.143373
7.844833135,4.996,0.142316
7.845638455,4.99603,0.141727
7.847249095,4.99608,0.140548
7.850470375,4.99618,0.138283
7.856912935,4.99638,0.134088
7.869798054,4.99678,0.127213
7.895568293,4.99758,0.121046
7.896689122,4.99762,0.121014
7.897070681,4.99763,0.12101
7.897833798,4.99765,0.121001
7.899360034,4.99767,0.121021
7.902412504,4.99773,0.121198
7.908517446,4.99784,0.122113
7.920727329,4.99807,0.126386
7.945147094,4.99852,0.146112
7.947436447,4.99856,0.148749
7.948581124,4.99858,0.15012
7.950107359,4.99861,0.152003
7.95325522,4.99865,0.1561
7.954781455,4.99867,0.158191
7.955830742,4.99869,0.159669
7.95659386,4.9987,0.160765
7.958120095,4.99871,0.163008
7.961172566,4.99875,0.167708
7.967277507,4.99883,0.177977
7.97948739,4.99895,0.202116
8.003907156,4.99918,0.265512
8.005194917,4.99919,0.269427
8.006339593,4.99921,0.272947
8.007865829,4.99922,0.277712
8.010918299,4.99924,0.287491
8.017023241,4.99928,0.308049
8.029233124,4.99935,0.353178
8.053652889,4.9995,0.459337
8.055942242,4.99951,0.470393
8.05994861,4.99954,0.490168
8.060425559,4.99954,0.492564
8.061117134,4.99954,0.496037
8.062834149,4.99955,0.504755
8.063120318,4.99955,0.506208
8.064264994,4.99956,0.512082
8.06579123,4.99956,0.519983
8.068843701,4.99957,0.536023
8.074948642,4.9996,0.569048
8.087158525,4.99965,0.63877
8.087659321,4.99965,0.641741
8.088374744,4.99965,0.645985
8.090664097,4.99966,0.659689
8.093716567,4.99967,0.678215
8.099821509,4.99968,0.716128
8.112031392,4.99972,0.79525
8.136451157,4.99978,0.965442
8.142556099,4.9998,1.01083
8.154765982,4.99982,1.1035
8.160489364,4.99983,1.14796
8.162778717,4.99983,1.16588
8.166498916,4.99984,1.19524
8.167262034,4.99984,1.20126
8.1691875,4.99984,1.21656
8.16918751,0.00982459,1.21656
8.16919005,0.00982434,1.21658
8.169208469,0.00982254,1.21673
8.170405251,0.00970591,1.22627
8.17162103,0.00958886,1.23603
8.174926428,0.00927786,1.26257
8.175382345,0.00923589,1.26623
8.176088779,0.00917086,1.27193
8.176316737,0.00915011,1.27377
8.177228571,0.00906713,1.28115
8.178444349,0.00895777,1.29103
8.180875907,0.00874299,1.31079
8.185739021,0.00832863,1.35061
8.195465249,0.00755702,1.43118
8.214917705,0.00621571,1.59532
8.215525594,0.00617846,1.60045
8.217045318,0.00608534,1.61345
8.218857113,0.00597634,1.62894
8.218860674,0.00597613,1.62897
8.218866193,0.0059758,1.62902
8.218867974,0.00597569,1.62903
8.219473489,0.00593969,1.63422
8.220081378,0.00590398,1.63943
8.221297157,0.00583256,1.64987
8.223728714,0.00569271,1.67076
8.228591828,0.00542291,1.71255
8.238318056,0.0049205,1.79636
8.257770513,0.00404715,1.96397
8.262633627,0.00385982,2.00563
8.263849405,0.00381355,2.01604
8.266888852,0.00369989,2.04208
8.26810463,0.00365532,2.05249
8.270536187,0.00356772,2.07315
8.275399301,0.00339867,2.11448
8.27661508,0.00335792,2.12482
8.279806498,0.00325291,2.15171
8.280718332,0.00322344,2.15939
8.281934111,0.00318457,2.16964
8.284365668,0.00310821,2.18994
8.289228782,0.00296091,2.23053
8.29895501,0.00268659,2.31033
8.299736836,0.00266572,2.31675
8.299738024,0.00266569,2.31676
8.299741762,0.00266559,2.31679
8.299742355,0.00266558,2.31679
8.300349057,0.00264949,2.32171
8.300956947,0.00263356,2.32664
8.302172725,0.0026017,2.33643
8.304604282,0.00253932,2.35603
8.309467396,0.00241897,2.39478
8.319193625,0.00219486,2.47063
8.338646081,0.00180529,2.61441
8.377550994,0.00121142,2.86159
8.380011656,0.00118211,2.87536
8.38005271,0.00118162,2.87559
8.381077255,0.0011696,2.88123
8.382134849,0.00115732,2.88705
8.384250038,0.00113315,2.8985
8.388480415,0.00108629,2.9208
8.39694117,0.000998228,2.96292
8.41386268,0.000842421,3.03683
8.447705699,0.000596826,3.14142
8.450878482,0.000578281,3.14821
8.455241059,0.000553658,3.15665
8.455973061,0.000549629,3.15806
8.45597461,0.00054962,3.15806
8.456501342,0.000546739,3.159
8.457030139,0.000543876,3.15994
8.458087733,0.000538151,3.1617
8.460202922,0.000526909,3.16523
8.464433299,0.00050512,3.17146
8.472894054,0.000464172,3.18111
8.489815564,0.000391722,3.18937
8.523658583,0.000277522,3.16395
8.5256326,0.000272125,3.16072
8.525896869,0.000271408,3.16028
8.527747659,0.000266441,3.157
8.529862848,0.000260875,3.15326
8.534093225,0.000250087,3.14499
8.54255398,0.000229814,3.12612
8.55947549,0.000193943,3.0795
8.5851875,0.000149507,2.98822
8.58518751,4.99017,2.98822
8.58519385,4.99017,2.9882
8.585208341,4.99017,2.98814
8.587629445,4.9904,2.97828
8.590069614,4.99064,2.96816
8.59494995,4.99102,2.94735
8.604710622,4.9918,2.90358
8.624231967,4.99335,2.80844
8.650276813,4.99479,2.66884
8.656627969,4.99515,2.63261
8.662995707,4.9955,2.59583
8.664056996,4.99554,2.5897
8.674769389,4.996,2.52674
8.675300034,4.99601,2.52362
8.682729061,4.99625,2.47943
8.708200013,4.99706,2.32729
8.721399804,4.99749,2.2494
8.722195771,4.9975,2.24471
8.729624798,4.99765,2.20159
8.738115116,4.99781,2.15328
8.75509575,4.99814,2.06074
8.759340909,4.99822,2.03873
8.767831226,4.99839,1.99585
8.774198964,4.99851,1.96497
8.782689282,4.99862,1.9256
8.78905702,4.99871,1.89768
8.797547337,4.99882,1.86252
8.799669916,4.99885,1.8542
8.804603255,4.9989,1.83539
8.8051339,4.99891,1.83344
8.808317769,4.99893,1.82179
8.812562928,4.99897,1.80691
8.821053245,4.99903,1.77934
8.83803388,4.99916,1.73341
8.871995149,4.99943,1.68025
8.875709663,4.99946,1.67764
8.878893532,4.99948,1.67595
8.879788995,4.99949,1.67548
8.881646252,4.99949,1.67474
8.884316059,4.99951,1.67401
8.884813538,4.99951,1.67387
8.888528052,4.99952,1.67344
8.892773211,4.99954,1.67374
8.901263528,4.99957,1.67684
8.918244163,4.99963,1.6929
8.952205432,4.99975,1.76209
8.962818329,4.99977,1.79507
8.967063487,4.99978,1.80894
8.975553805,4.9998,1.83858
8.981921543,4.99981,1.86261
8.984176783,4.99982,1.87145
8.984707428,4.99982,1.87352
8.987891297,4.99983,1.88629
8.992136456,4.99983,1.90383
9.001187563,4.99985,1.94311
9.001187572,0.00982742,1.94311
9.001191422,0.00982704,1.94313
9.001208454,0.00982537,1.9432
9.002405082,0.00970873,1.94859
9.003620704,0.00959165,1.95415
9.006051949,0.0093617,1.96526
9.010914438,0.00891807,1.98809
9.020639416,0.00809195,2.03568
9.040089372,0.00665586,2.13769
9.044951862,0.00634782,2.1649
9.046167484,0.00627173,2.17171
9.04920654,0.00608483,2.18872
9.051018992,0.00597587,2.199
9.051057092,0.0059736,2.19922
9.052234726,0.0059038,2.20595
9.053450348,0.00583261,2.21289
9.056641356,0.00564988,2.23133
9.057553073,0.00559872,2.23659
9.058768695,0.00553121,2.24362
9.06119994,0.0053986,2.25793
9.066062429,0.00514278,2.28655
9.067278051,0.00508113,2.2937
9.070317107,0.00492971,2.31189
9.072197523,0.00483815,2.32314
9.073109239,0.00479433,2.3286
9.074324862,0.00473652,2.33598
9.076756106,0.00462296,2.35074
9.081770548,0.00439722,2.38118
9.0832141,0.00433434,2.38995
9.084429722,0.00428207,2.39742
9.086860966,0.00417941,2.41237
9.091723456,0.00398136,2.44228
9.101448434,0.00361255,2.50246
9.12089839,0.00297143,2.62283
9.125760879,0.0028339,2.65265
9.126976502,0.00279993,2.6601
9.130015557,0.00271649,2.67873
9.131895973,0.00266605,2.69026
9.131950581,0.00266459,2.69059
9.131964233,0.00266423,2.69068
9.131999847,0.00266328,2.69089
9.133177481,0.00263216,2.69806
9.134393103,0.00260042,2.70545
9.136824348,0.00253808,2.7201
9.141686837,0.0024178,2.74941
9.151411815,0.00219383,2.80684
9.170861772,0.00180449,2.91621
9.2091875,0.00121837,3.10099
9.20918751,4.99124,3.10099
9.209194011,4.99124,3.10102
9.209210284,4.99124,3.10109
9.212399874,4.99151,3.11459
9.212616853,4.99153,3.11549
9.212754499,4.99154,3.11606
9.212758567,4.99155,3.11608
9.212815524,4.99155,3.11632
9.212831798,4.99155,3.11638
9.213078611,4.99157,3.11741
9.21359936,4.99162,3.11954
9.215682358,4.99179,3.12808
9.218459687,4.992,3.13918
9.224014347,4.99241,3.16049
9.235123665,4.99324,3.19936
9.25795039,4.99456,3.26272
9.261355679,4.99476,3.27025
9.267193318,4.9951,3.28195
9.274976836,4.99543,3.29515
9.281787414,4.99572,3.30429
9.287625053,4.99597,3.31059
9.296503128,4.99634,3.31732
9.297066321,4.99636,3.31764
9.298981796,4.99642,3.31859
9.304819435,4.9966,3.32054
9.312602953,4.99685,3.32095
9.328169989,4.99733,3.31472
9.359304062,4.99795,3.27883
9.369033459,4.99815,3.26094
9.375844038,4.99828,3.24766
9.387519315,4.99852,3.22302
9.389951902,4.99856,3.2176
9.38995221,4.99856,3.21759
9.389953041,4.99856,3.21759
9.389962067,4.99856,3.21757
9.390015275,4.99856,3.21745
9.393846225,4.99861,3.20879
9.405521503,4.99875,3.18147
9.424980298,4.99899,3.13438
9.439574394,4.99912,3.09901
9.443831006,4.99916,3.08892
9.445776885,4.99918,3.08431
9.451158458,4.99922,3.07182
9.452131398,4.99923,3.06957
9.457969037,4.99926,3.05639
9.465752555,4.99931,3.03948
9.481319591,4.9994,3.00851
9.492994868,4.99948,2.98831
9.499805446,4.99952,2.97774
9.501751326,4.99953,2.97498
9.505643085,4.99954,2.96945
9.515858952,4.99959,2.95689
9.520480416,4.9996,2.95202
9.524372175,4.99962,2.94833
9.532155693,4.99965,2.94237
9.534101573,4.99966,2.94087
9.537993332,4.99967,2.93861
9.546506555,4.99969,2.93503
9.549425374,4.9997,2.93424
9.553317133,4.99971,2.93355
9.563046531,4.99974,2.93372
9.56693829,4.99975,2.93455
9.577944671,4.99978,2.93912
9.58134996,4.99979,2.94119
9.585241719,4.99979,2.94394
9.593025237,4.99981,2.95068
9.608592273,4.99984,2.96901
9.639726346,4.99986,3.02371
9.70199449,4.9999,3.19127
9.717561527,4.99991,3.24596
9.748695599,4.99993,3.36122
9.810963744,4.99997,3.60705
9.833187562,4.99998,3.69829
9.833187572,0.00996394,3.69829
9.833192438,0.00996343,3.69831
9.833226089,0.00995993,3.69845
9.833601046,0.00992283,3.69999
9.834155369,0.00986799,3.70226
9.835295292,0.00975637,3.70692
9.837658815,0.00952893,3.71659
9.840810178,0.00923385,3.72949
9.847112905,0.00867056,3.75514
9.848688587,0.00853632,3.76156
9.851839951,0.00827282,3.77439
9.858142678,0.00776882,3.79968
9.870748131,0.00684867,3.85026
9.873899495,0.00663984,3.86291
9.880202222,0.00623737,3.88771
9.883156625,0.00605698,3.89933
9.884449177,0.00597939,3.90442
9.884505341,0.00597602,3.90464
9.884510727,0.0059757,3.90466
9.884522652,0.00597499,3.9047
9.885298183,0.00592892,3.90773
9.887661705,0.0057907,3.91684
9.890813069,0.00561138,3.92899
9.897115796,0.00526907,3.95329
9.898691478,0.0051875,3.95937
9.901842841,0.00502737,3.97123
9.908145568,0.00472109,3.99496
9.920751022,0.00416191,4.04105
9.94596193,0.00322736,4.12693
9.952264657,0.00303637,4.14663
9.964870111,0.00268119,4.18418
9.968809315,0.00257916,4.1952
9.970651201,0.00253225,4.20035
9.970660433,0.00253201,4.20037
9.970672887,0.0025317,4.20041
9.970709817,0.00253077,4.20051
9.971448418,0.00251218,4.20252
9.973811941,0.00245361,4.20894
9.976963304,0.00237763,4.21704
9.983266031,0.00223259,4.23324
9.995871485,0.00196801,4.26205
10.02108239,0.00152597,4.30545
10.02738512,0.00143567,4.31255
10.03999057,0.00126773,4.32332
10.04392978,0.00121949,4.32542
10.04550546,0.00120049,4.32626
10.04865682,0.00116334,4.32754
10.05495955,0.00109239,4.32895
10.05653523,0.00107548,4.32893
10.05988586,0.00104021,4.32889
10.0598874,0.0010402,4.32889
10.05989654,0.0010401,4.32889
10.05990269,0.00104004,4.32889
10.06067822,0.00103202,4.32877
10.06304175,0.00100796,4.3284
10.06619311,0.000976746,4.32712
10.07249584,0.000917162,4.32455
10.08510129,0.000808469,4.3137
10.1103122,0.000626879,4.27209
10.11661493,0.000589781,4.2567
10.12922038,0.000520793,4.22194
10.13237174,0.000504913,4.21185
10.13867447,0.000474308,4.19168
10.14025015,0.000466965,4.18621
10.14340152,0.00045255,4.17527
10.14977868,0.000424664,4.1518
10.15056037,0.000421364,4.14878
10.15292389,0.000411541,4.13964
10.15607525,0.000398797,4.12669
10.16237798,0.000374469,4.10078
10.17498343,0.000330091,4.04371
10.20019434,0.00025595,3.91294
10.20649707,0.000240803,3.87625
10.21910252,0.000212635,3.80005
10.22225388,0.000206152,3.78005
10.22855661,0.000193656,3.74004
10.23013229,0.000190658,3.72976
10.23328366,0.000184773,3.7092
10.23964601,0.000173412,3.66687
10.2404277,0.000172065,3.66158
10.24279122,0.000168054,3.64558
10.24594258,0.00016285,3.62391
10.2491875,0.000157659,3.6016
10.24918751,4.99018,3.6016
10.24919134,4.99018,3.60157
10.24920862,4.99018,3.60145
10.25163159,4.99041,3.58455
10.25407363,4.99065,3.56738
10.25895773,4.99103,3.53269
10.26872591,4.99181,3.46194
10.28826228,4.99336,3.31585
10.31459304,4.99481,3.1122
10.32308366,4.99528,3.04507
10.32733728,4.99552,3.01132
10.34049692,4.99606,2.90691
10.34262373,4.99615,2.8901
10.35538459,4.99655,2.78925
10.37239907,4.99709,2.65702
10.3798429,4.99732,2.60031
10.38446207,4.99747,2.5655
10.38525962,4.99748,2.55949
10.38844983,4.99754,2.53569
10.39270345,4.99763,2.50426
10.40121069,4.99779,2.44257
10.41822517,4.99813,2.32475
10.42247879,4.99821,2.29678
10.43098603,4.99838,2.24226
10.43736646,4.9985,2.20293
10.44029083,4.99855,2.18535
10.44341458,4.99859,2.16688
10.44474383,4.99861,2.15918
10.44620602,4.99863,2.1507
10.44939623,4.99867,2.13256
10.45364985,4.99872,2.109
10.46215709,4.99883,2.0641
10.47917157,4.99901,1.98372
10.48075006,4.99903,1.97691
10.48394028,4.99906,1.96349
10.4881939,4.99909,1.94633
10.49670114,4.99915,1.9146
10.51371562,4.99927,1.86179
10.51796924,4.9993,1.85127
10.52647648,4.99936,1.83243
10.52860329,4.99938,1.82832
10.53392031,4.99942,1.81888
10.53604712,4.99943,1.81548
10.54136414,4.99947,1.80797
10.54495314,4.99949,1.80372
10.54727933,4.9995,1.80132
10.54767811,4.9995,1.80091
10.55140003,4.99951,1.79767
10.55565365,4.99953,1.79482
10.56416089,4.99956,1.79184
10.58117537,4.99962,1.79652
10.61520433,4.99974,1.8458
10.62583838,4.99977,1.87342
10.6311554,4.99978,1.88827
10.63753583,4.9998,1.90747
10.64125775,4.9998,1.91942
10.64497967,4.99981,1.93186
10.64604307,4.99981,1.93553
10.64753848,4.99982,1.9407
10.6507287,4.99982,1.95205
10.65498232,4.99983,1.96774
10.66348956,4.99984,2.00096
10.68050404,4.99986,2.07418
10.714533,4.9999,2.24314
10.72516705,4.99991,2.3024
10.73261088,4.99992,2.34465
10.73819376,4.99993,2.37696
10.7391907,4.99993,2.38273
10.7449065,4.99993,2.41632
10.75128693,4.99993,2.45435
10.75979417,4.99994,2.50581
10.77680865,4.99994,2.61079
10.81083761,4.99996,2.82529
10.83635933,4.99997,2.98806
10.87038829,4.99998,3.20125
10.87889553,4.99998,3.25338
10.89591001,4.99998,3.35612
10.92993896,4.99999,3.55311
10.96288914,4.99999,3.73129
11.00446386,4.99999,3.93625
11.01485754,4.99999,3.9832
11.0356449,4.99999,4.07349
11.07721962,5,4.23692
11.13959755,5,4.44058
11.14483531,5,4.45542
11.15007819,5,4.46963
11.16056395,5,4.49805
11.18153547,5,4.55054
11.22347851,5,4.64196
11.23396427,5,4.66155
11.25493579,5,4.69846
11.29687883,5,4.76231
11.35926717,5,4.83589
11.36450493,5,4.84092
11.36974781,5,4.84567
11.38023357,5,4.85517
11.40120509,5,4.87234
11.44314813,5,4.90124
11.50552527,5,4.93334
11.50553423,5,4.93334
11.50568783,5,4.9334
11.51600975,5,4.9375
11.54746703,5,4.94851
11.58941007,5,4.96025
11.65179725,5,4.97294
11.65180748,5,4.97294
11.65181772,5,4.97294
11.662283,5,4.97454
11.69374028,5,4.97871
11.73568332,5,4.98308
11.79807305,5,4.9877
11.79808073,5,4.98771
11.80331337,5,4.98798
11.81904201,5,4.9888
11.88195657,5,4.99125
11.94433455,5,4.99282
11.95481519,5,4.99301
12.02821551,5,4.99399
12.09060396,5,4.99449
12.09061292,5,4.99449
12.09322412,5,4.99451
12.1115742,5,4.99461
12.23687708,5,4.99502
12.23949724,5,4.99502
12.32076188,5,4.99513
12.38313986,5,4.99518
12.3936205,5,4.99518
12.52940927,5,4.99522
12.53202943,5,4.99523
12.53989375,5,4.99523
12.67568176,5,4.99524
12.67699184,5,4.99524
12.71762416,5,4.99524
12.82195686,5,4.99524
12.82719718,5,4.99524
12.90584038,5,4.99524
12.96821842,5,4.99524
12.97869906,5,4.99524
13.11448777,5,4.99524
13.11710793,5,4.99524
13.1611875,5,4.99524
13.16118751,0.00998004,4.99524
13.16118813,0.00997998,4.99524
13.16122845,0.00997596,4.99524
13.16151265,0.00994775,4.99524
13.16182028,0.00991721,4.99524
13.16339177,0.0097629,4.99524
13.16486895,0.00962004,4.99524
13.16683853,0.00943278,4.99524
13.16881773,0.00924827,4.99524
13.17115032,0.00903543,4.99524
13.17402194,0.0087801,4.99524
13.17782056,0.00845337,4.99523
13.18371746,0.00796989,4.99523
13.18598902,0.00779164,4.99522
13.18901777,0.00755975,4.99522
13.19507527,0.00711612,4.99521
13.20532873,0.00642273,4.9952
13.20666289,0.00633833,4.9952
13.20999828,0.00613138,4.99517
13.21218713,0.00599903,4.99516
13.21257515,0.00597585,4.99516
13.21290853,0.005956,4.99515
13.21390914,0.00589682,4.99513
13.2152433,0.00581882,4.9951
13.21791161,0.00566589,4.99503
13.22324824,0.00537189,4.99489
13.2339215,0.00482811,4.99463
13.23648221,0.0047078,4.99456
13.24160364,0.00447433,4.99418
13.2518465,0.00403978,4.99342
13.27233222,0.00328872,4.98963
13.27526125,0.00319531,4.98909
13.28111932,0.00301483,4.98702
13.29283544,0.00268227,4.98289
13.29649673,0.00258719,4.98107
13.29832738,0.00254042,4.98016
13.29945008,0.00251213,4.97961
13.29945106,0.00251211,4.97961
13.29945553,0.00251199,4.9796
13.29947698,0.00251146,4.97959
13.30018636,0.00249374,4.9792
13.30238313,0.00243966,4.97799
13.30531217,0.00236937,4.97612
13.31117023,0.00223474,4.97238
13.32288636,0.0019876,4.96287
13.34631861,0.00156964,4.93537
13.35217668,0.00148294,4.92622
13.3638928,0.00132091,4.90576
13.38732506,0.00104471,4.85353
13.39016256,0.00101559,4.84614
13.390553,0.00101164,4.84512
13.3905564,0.00101161,4.84511
13.3907366,0.0010098,4.84463
13.39128579,0.00100427,4.84315
13.39348257,0.000982493,4.83722
13.3964116,0.000954184,4.82878
13.40226966,0.000899968,4.81189
13.41398579,0.00080044,4.77421
13.43741805,0.000632122,4.68508
13.44327611,0.000597207,4.65933
13.45499224,0.000531955,4.60505
13.47842449,0.000420721,4.48314
13.47915675,0.000417692,4.47933
13.4809874,0.000410118,4.46898
13.48329,0.000400806,4.45596
13.4833018,0.000400758,4.45589
13.48334748,0.000400575,4.45563
13.48348478,0.000400027,4.45484
13.48476623,0.000394943,4.44745
13.48623075,0.000389213,4.439
13.48915978,0.000377998,4.42158
13.49501784,0.000356521,4.38674
13.50673397,0.000317093,4.31343
13.53016622,0.000250414,4.15541
13.57703074,0.000153886,3.80236
13.57737131,0.000153364,3.79979
13.57737178,0.000153364,3.79979
13.57785421,0.000152627,3.79589
13.57833758,0.000151896,3.79199
13.57930432,0.000150434,3.78414
13.58123779,0.000147559,3.76842
13.58510474,0.000141971,3.73698
13.59283864,0.000131416,3.67327
13.60830645,0.000112547,3.54358
13.63924205,8.22206e-005,3.27809
13.69324131,4.63697e-005,2.81032
13.70047402,4.3248e-005,2.74767
13.71493945,3.75022e-005,2.62315
13.7438703,2.80468e-005,2.37973
13.80173201,1.52119e-005,1.92492
13.80847619,1.42527e-005,1.87515
13.82196454,1.24774e-005,1.77749
13.84894125,9.51955e-006,1.59141
13.87952806,6.96709e-006,1.39619
13.91290546,4.93242e-006,1.20266
13.96932621,2.67894e-006,0.920819
13.9931875,2.07897e-006,0.818292
13.99318751,4.99002,0.818292
13.99319773,4.99002,0.818248
13.99322845,4.99003,0.818123
13.99363057,4.99007,0.81648
13.99383951,4.99009,0.815632
13.99627802,4.99032,0.805731
14.00119483,4.99079,0.786073
14.00292675,4.99093,0.779248
14.00523596,4.99113,0.770218
14.01129766,4.99164,0.746929
14.01533879,4.99197,0.731721
14.01995722,4.99236,0.714653
14.02919409,4.99296,0.681513
14.0478407,4.99416,0.618624
14.04945421,4.99426,0.613435
14.05498624,4.99462,0.595947
14.06236227,4.99497,0.573373
14.07711435,4.99566,0.530871
14.08080237,4.99584,0.520807
14.08235826,4.99591,0.516637
14.08281926,4.99593,0.515401
14.08523952,4.99602,0.509005
14.08800554,4.99612,0.501821
14.09169356,4.99626,0.492455
14.09906959,4.99654,0.474485
14.11382167,4.99694,0.441813
14.14332583,4.99774,0.391641
14.14534271,4.99779,0.388969
14.14810873,4.99786,0.385466
14.15179675,4.99796,0.381124
14.15917279,4.99809,0.373604
14.17392487,4.99834,0.363509
14.17761289,4.9984,0.362255
14.18498893,4.99853,0.360837
14.18729394,4.99857,0.360775
14.18905151,4.9986,0.360811
14.18922439,4.9986,0.360815
14.18990869,4.99861,0.360859
14.19129169,4.99863,0.360996
14.19359671,4.99866,0.361378
14.19515259,4.99868,0.361743
14.1965356,4.99869,0.362136
14.19837961,4.99872,0.362766
14.20206763,4.99877,0.364394
14.20944366,4.99885,0.369147
14.22419574,4.99901,0.384815
14.22557875,4.99902,0.386714
14.22742276,4.99904,0.389354
14.23130526,4.99908,0.395349
14.23136289,4.99908,0.395438
14.23216964,4.99909,0.396758
14.23493566,4.9991,0.40148
14.23862368,4.99913,0.408247
14.24599972,4.99918,0.423406
14.2607518,4.99928,0.460266
14.29025595,4.99949,0.559876
14.29117796,4.9995,0.563588
14.29302197,4.9995,0.571012
14.29670999,4.99952,0.586294
14.30408603,4.99955,0.618411
14.3188381,4.99962,0.68873
14.32022111,4.99962,0.695744
14.32217317,4.99963,0.705761
14.32238926,4.99963,0.70687
14.32400277,4.99964,0.715258
14.32584678,4.99964,0.724957
14.3295348,4.99965,0.744713
14.33691084,4.99968,0.785629
14.35166292,4.99972,0.872809
14.38116708,4.99979,1.0662
14.39038712,4.99981,1.13231
14.39407514,4.99981,1.15907
14.40145118,4.99983,1.21345
14.40790522,4.99984,1.26205
14.4099221,4.99985,1.27742
14.41153561,4.99985,1.28971
14.41761508,4.99986,1.33658
14.4208421,4.99986,1.36173
14.42453012,4.99986,1.39069
14.43190616,4.99987,1.44924
14.44665824,4.99989,1.56855
14.47616239,4.99991,1.8133
14.50197853,4.99994,2.03225
14.5064589,4.99994,2.07025
14.50686227,4.99994,2.07368
14.51631282,4.99995,2.15393
14.52922089,4.99995,2.26321
14.54397297,4.99996,2.38716
14.57347713,4.99997,2.63013
14.6171875,4.99998,2.97254
14.61718751,0.00996126,2.97254
14.61719716,0.00996026,2.97261
14.61722593,0.00995727,2.97283
14.61781238,0.00989926,2.97728
14.61816598,0.00986429,2.97995
14.61948295,0.00973548,2.98989
14.62088266,0.00960043,3.00045
14.62297043,0.00940245,3.01621
14.62714597,0.00901857,3.04743
14.63549705,0.00829658,3.10907
14.65219922,0.00701718,3.229
14.65637476,0.00673646,3.25788
14.66472584,0.00620175,3.31564
14.66733555,0.00604369,3.33335
14.6684666,0.00597592,3.34102
14.66846737,0.00597587,3.34103
14.66847896,0.00597518,3.3411
14.66850343,0.00597372,3.34127
14.66954323,0.00591205,3.34828
14.67058712,0.00585078,3.35532
14.67267489,0.00573012,3.36923
14.67685043,0.00549618,3.39707
14.68520151,0.00505618,3.45137
14.68728929,0.00495298,3.46495
14.69146483,0.00475161,3.49113
14.69981591,0.0043719,3.5435
14.71651807,0.00369825,3.64289
14.7499224,0.00263272,3.81969
14.75305406,0.00255196,3.83464
14.75463422,0.00251209,3.84218
14.75463461,0.00251208,3.84218
14.75489507,0.00250557,3.84341
14.75515604,0.00249904,3.84462
14.75672187,0.00246029,3.85188
14.75880964,0.00240956,3.86157
14.76298518,0.00231118,3.8804
14.77133626,0.00212616,3.91631
14.78803843,0.00179829,3.98066
14.82144276,0.00127997,4.0762
14.8251875,0.00123385,4.08381
14.82518751,4.99125,4.08381
14.82519401,4.99125,4.08382
14.8252103,4.99126,4.08385
14.82796781,4.99149,4.08929
14.83074703,4.99173,4.09443
14.83630547,4.99216,4.10366
14.84116911,4.99253,4.11049
14.8439049,4.99274,4.1139
14.84393442,4.99274,4.11393
14.84401991,4.99275,4.11403
14.84532267,4.99284,4.11554
14.8494915,4.99311,4.11981
14.85504994,4.99347,4.12424
14.86624282,4.99419,4.12868
14.8665468,4.99421,4.1288
14.86897862,4.99433,4.12897
14.87731628,4.99475,4.12742
14.88843317,4.9953,4.12029
14.89677083,4.99572,4.11087
14.90048369,4.99587,4.10576
14.90421827,4.99601,4.10003
14.9083871,4.99616,4.09293
14.91394555,4.99636,4.08229
14.92506243,4.99677,4.05721
14.947991,4.99743,3.99116
14.95097853,4.99751,3.98115
14.95098192,4.99751,3.98114
14.95108642,4.99751,3.98079
14.95134697,4.99752,3.9799
14.95655801,4.99763,3.96176
14.96211645,4.99775,3.94157
14.97323333,4.99798,3.89885
14.98296061,4.99819,3.85902
14.98962639,4.99831,3.83081
14.99935367,4.99844,3.78854
15.03826276,4.99896,3.61415
15.05215887,4.99909,3.55259
15.06093078,4.99917,3.51475
15.06153874,4.99917,3.51213
15.06303691,4.99919,3.50578
15.06442652,4.99919,3.49989
15.07276419,4.99925,3.46529
15.08388107,4.99932,3.42115
15.10611484,4.99946,3.34118
15.11401825,4.99951,3.31606
15.11471305,4.99951,3.31385
15.12070575,4.99954,3.29572
15.12279016,4.99955,3.28973
15.12556939,4.99956,3.28175
15.13112783,4.99958,3.26664
15.14224471,4.99961,3.23926
15.16447848,4.99968,3.19627
15.20894602,4.99981,3.15777
15.27132399,4.99991,3.20123
15.27394031,4.99991,3.20552
15.28180463,4.99992,3.21948
15.29229039,4.99992,3.24041
15.31326191,4.99993,3.28941
15.35520495,4.99995,3.41014
15.36569071,4.99995,3.44533
15.38666223,4.99996,3.51818
15.42860527,4.99998,3.67143
15.43909103,4.99998,3.71116
15.46006255,4.99998,3.79066
15.50593774,4.99999,3.96163
15.52166639,4.99999,4.01882
15.5426379,4.99999,4.09293
15.58458094,4.99999,4.23218
15.5950667,5,4.26461
15.61603822,5,4.3273
15.65798126,5,4.44206
15.66846702,5,4.46804
15.68943854,5,4.51778
15.73138158,5,4.60696
15.79376932,5,4.71549
15.79377892,5,4.71551
15.7950794,5,4.71745
15.79901156,5,4.72331
15.8147402,5,4.74567
15.83571172,5,4.77308
15.87765476,5,4.82041
15.90911204,5,4.84934
15.95105508,5,4.88177
16.01344256,5,4.9187
16.01345248,5,4.91871
16.0140976,5,4.91901
16.023928,5,4.92363
16.05538528,5,4.93673
16.09732832,5,4.95088
16.15971805,5,4.96643
16.15972573,5,4.96644
16.16495837,5,4.96743
16.17020125,5,4.96843
16.20165853,5,4.97367
16.25408733,5,4.98033
16.28118756,5,4.98292
16.28118757,0.00998004,4.98292
16.28119267,0.00997953,4.98293
16.28122851,0.00997596,4.98293
16.2816104,0.00993805,4.98296
16.28182028,0.00991722,4.98298
16.28339162,0.00976292,4.98312
16.28486865,0.00962007,4.98324
16.28683803,0.00943283,4.98341
16.28882021,0.00924804,4.98358
16.29115655,0.00903487,4.98376
16.29403263,0.00877917,4.98398
16.29783698,0.00845198,4.98426
16.30005204,0.00826759,4.98443
16.30300546,0.00802757,4.98465
16.30891228,0.00756787,4.9851
16.31652535,0.00701352,4.98568
16.32564017,0.00640244,4.98623
16.32699647,0.00631694,4.98631
16.33038721,0.00610733,4.98652
16.33248524,0.00598097,4.98664
16.33256471,0.00597618,4.98665
16.33257183,0.00597576,4.98665
16.33257564,0.00597553,4.98665
16.33265974,0.00597053,4.98665
16.33325312,0.00593527,4.98668
16.33528757,0.00581597,4.98677
16.33800017,0.00566061,4.98689
16.34342537,0.00536213,4.98714
16.35427576,0.00481078,4.98726
16.35698836,0.00468398,4.98729
16.36241356,0.00443835,4.98736
16.37326395,0.00398306,4.98691
16.39496474,0.00320266,4.98371
16.4001905,0.00304391,4.98199
16.41064202,0.00274511,4.97853
16.4132549,0.00267534,4.97767
16.41864397,0.00253592,4.97516
16.41950801,0.00251415,4.97476
16.41950881,0.00251413,4.97476
16.4196718,0.00251005,4.97468
16.42016171,0.0024978,4.97441
16.42212137,0.00244942,4.97335
16.42473425,0.00238637,4.97194
16.42996001,0.00226505,4.96824
16.44041154,0.0020403,4.96084
16.46131458,0.00165353,4.93853
16.4891875,0.00124551,4.89246
16.48918751,4.99127,4.89246
16.48919401,4.99127,4.89244
16.4892103,4.99127,4.89241
16.491968,4.9915,4.88682
16.49474741,4.99174,4.88096
16.50169595,4.99226,4.8653
16.51117418,4.99299,4.84157
16.51121218,4.99299,4.84147
16.51122626,4.99299,4.84144
16.51130226,4.99299,4.84123
16.51399482,4.99317,4.83399
16.52372276,4.99381,4.80585
16.53246,4.99433,4.77794
16.5350657,4.99445,4.76915
16.54340394,4.99486,4.7395
16.55452159,4.9954,4.69643
16.56338097,4.99583,4.65898
16.56365783,4.99584,4.65781
16.56626353,4.99595,4.6463
16.56797895,4.99601,4.63872
16.57284292,4.9962,4.61655
16.57840175,4.99641,4.59033
16.5895194,4.99673,4.53527
16.61175471,4.99736,4.41601
16.62356722,4.9977,4.34779
16.62646063,4.99778,4.33078
16.62648573,4.99778,4.33063
16.62652645,4.99778,4.33039
16.62926243,4.99784,4.31419
16.63899038,4.99804,4.25575
16.64246465,4.99811,4.23454
16.64628634,4.99818,4.21121
16.65149774,4.99827,4.17913
16.6518886,4.99828,4.17672
16.67395019,4.99862,4.03984
16.6961855,4.99889,3.90382
16.70174432,4.99895,3.87057
16.71286198,4.99906,3.80521
16.72354535,4.99916,3.74436
16.72441391,4.99916,3.73953
16.7271499,4.99918,3.72429
16.73548814,4.99924,3.67897
16.74660579,4.99932,3.62121
16.75494403,4.99938,3.58037
16.75633374,4.99939,3.57357
16.761328,4.99942,3.55008
16.76549712,4.99944,3.53103
16.77244565,4.99948,3.50052
16.7783519,4.99951,3.47581
16.78321588,4.99953,3.45631
16.78460558,4.99954,3.45095
16.787385,4.99955,3.44024
16.79294382,4.99957,3.41973
16.80406148,4.9996,3.38198
16.82629678,4.99967,3.3199
16.8707674,4.99981,3.24913
16.93314536,4.9999,3.25843
16.93576168,4.99991,3.26158
16.943626,4.99991,3.27218
16.95411176,4.99992,3.28888
16.97508328,4.99993,3.33019
17.01702632,4.99995,3.43826
17.02751208,4.99995,3.47093
17.0484836,4.99996,3.53914
17.09042664,4.99998,3.68487
17.1009124,4.99998,3.72313
17.12188392,4.99998,3.79998
17.16382696,4.99999,3.9523
17.17431272,4.99999,3.9897
17.19528424,4.99999,4.06321
17.22959308,4.99999,4.1782
17.26560747,4.99999,4.29041
17.27461107,4.99999,4.31672
17.29261826,5,4.36778
17.3211875,5,4.44359
17.32118751,0.00997808,4.44359
17.32119773,0.00997706,4.44361
17.32122845,0.009974,4.44369
17.32162118,0.00993502,4.44469
17.3217942,0.00991785,4.44512
17.3229676,0.00980238,4.44807
17.32537212,0.00956994,4.45411
17.32826807,0.00929728,4.46138
17.33216255,0.00894274,4.47087
17.33508341,0.00868654,4.47799
17.33897789,0.00835558,4.48749
17.34676685,0.00773027,4.5054
17.35955357,0.00680154,4.5348
17.3615233,0.00667041,4.53933
17.36546277,0.0064142,4.54783
17.36841737,0.00622836,4.5542
17.37256578,0.0059759,4.56315
17.37256662,0.00597585,4.56315
17.37258489,0.00597476,4.56319
17.37269261,0.00596834,4.56341
17.37355437,0.00591723,4.56522
17.37650897,0.00574529,4.5714
17.38044843,0.00552373,4.57936
17.38832736,0.00510561,4.59529
17.40408521,0.00435974,4.62493
17.43560092,0.00316563,4.67463
17.44316511,0.00294343,4.68406
17.45829347,0.00253594,4.70016
17.45966466,0.0025015,4.70162
17.4596649,0.0025015,4.70162
17.4601372,0.00248973,4.70206
17.46155548,0.00245474,4.70327
17.46344652,0.00240884,4.70488
17.46722862,0.00231959,4.7081
17.4747928,0.00215078,4.71313
17.47668384,0.00211094,4.71438
17.48046594,0.00203302,4.71617
17.4833025,0.00197644,4.71751
17.48708459,0.00190326,4.71846
17.49464878,0.00176479,4.72036
17.50977714,0.00151662,4.71858
17.52918744,0.00124737,4.70602
17.52918745,4.99127,4.70602
17.52919395,4.99127,4.70602
17.52921024,4.99127,4.706
17.53196791,4.9915,4.70327
17.5347473,4.99174,4.70025
17.54169578,4.99227,4.69152
17.55071795,4.99295,4.67765
17.55075595,4.99296,4.67759
17.55079021,4.99296,4.67753
17.55086621,4.99296,4.6774
17.55355875,4.99314,4.6727
17.56189692,4.99369,4.65647
17.56328662,4.99378,4.65342
17.56606601,4.99395,4.64733
17.57252592,4.99433,4.63198
17.57322077,4.99437,4.63018
17.57738985,4.99457,4.61941
17.58294864,4.99483,4.60397
17.5940662,4.99536,4.56969
17.60379407,4.99582,4.53571
17.60778944,4.99601,4.52082
17.60848429,4.99603,4.51823
17.61265338,4.99616,4.50208
17.61821216,4.99633,4.47965
17.62932973,4.99667,4.43181
17.65156485,4.99735,4.32579
17.66198757,4.99767,4.27129
17.66337727,4.99771,4.26388
17.66475543,4.99774,4.25654
17.66475678,4.99774,4.25653
17.66753346,4.9978,4.24159
17.67031285,4.99786,4.22633
17.67726133,4.998,4.18818
17.68774919,4.9982,4.12907
17.68809661,4.99821,4.12711
17.6930474,4.9983,4.09877
17.6944371,4.99832,4.09081
17.71389284,4.99858,3.97811
17.73612796,4.99888,3.85029
17.74168675,4.99895,3.81889
17.75280431,4.99906,3.7571
17.76435616,4.99916,3.69487
17.76448644,4.99916,3.69417
17.76724412,4.99919,3.67964
17.77558229,4.99925,3.63668
17.78669985,4.99932,3.58189
17.79642772,4.99939,3.53667
17.8047659,4.99944,3.49986
17.80711101,4.99945,3.48995
17.80919555,4.99946,3.48114
17.81753372,4.99951,3.44748
17.8204434,4.99952,3.43631
17.82148567,4.99952,3.43232
17.82565476,4.99954,3.41683
17.83121354,4.99956,3.39709
17.8423311,4.99959,3.36074
17.86456623,4.99966,3.30104
17.90903649,4.99981,3.23367
17.97141442,4.9999,3.24579
17.97403074,4.99991,3.249
17.98189506,4.99991,3.25981
17.99238082,4.99992,3.27675
18.01335234,4.99993,3.31851
18.05529538,4.99994,3.42737
18.06578114,4.99995,3.46022
18.08675266,4.99996,3.5288
18.1286957,4.99997,3.67529
18.16015298,4.99999,3.79101
18.20209602,4.99999,3.94416
18.2204461,4.99999,4.00982
18.23093186,4.99999,4.04679
18.25190338,4.99999,4.11891
18.29384642,4.99999,4.25442
18.35623347,5,4.43137
18.35624367,5,4.4314
18.35631535,5,4.43158
18.36147631,5,4.44489
18.36671919,5,4.45817
18.37720495,5,4.48405
18.39817647,5,4.53303
18.44011951,5,4.62035
18.50250732,5,4.72614
18.50251692,5,4.72616
18.5038174,5,4.72804
18.50774956,5,4.73373
18.5234782,5,4.75543
18.54444972,5,4.78199
18.58639276,5,4.82778
18.61785004,5,4.8557
18.65979308,5,4.88694
18.72218069,5,4.92243
18.72219061,5,4.92243
18.72283573,5,4.92272
18.73266613,5,4.92714
18.76412341,5,4.93968
18.80606645,5,4.9532
18.86845618,5,4.96803
18.86846386,5,4.96803
18.8736965,5,4.96898
18.87893938,5,4.96992
18.91039666,5,4.9749
18.9523397,5,4.98016
19.01471767,5,4.98578
19.02519831,5,4.98647
19.09859863,5,4.99017
19.16098708,5,4.99213
19.16099604,5,4.99213
19.16360724,5,4.99219
19.18195732,5,4.99259
19.24487188,5,4.99362
19.30726021,5,4.99427
19.30726917,5,4.99427
19.30988037,5,4.99428
19.32823045,5,4.99441
19.39114501,5,4.99474
19.45352298,5,4.99495
19.46400363,5,4.99497
19.59979252,5,4.99516
19.60241268,5,4.99516
19.6091875,5,4.99516
19.60918751,0.00998004,4.99516
19.60919261,0.00997953,4.99516
19.60922845,0.00997596,4.99516
19.60961038,0.00993805,4.99516
19.60982028,0.00991721,4.99516
19.61139177,0.0097629,4.99516
19.61286895,0.00962004,4.99516
19.61483853,0.00943278,4.99517
19.61681773,0.00924827,4.99517
19.61915032,0.00903543,4.99517
19.62202195,0.0087801,4.99516
19.62582058,0.00845336,4.99516
19.6317175,0.00796988,4.99516
19.63398911,0.00779163,4.99516
19.63701793,0.00755974,4.99515
19.64307556,0.0071161,4.99515
19.65332928,0.00642269,4.99514
19.65466347,0.00633829,4.99514
19.65799894,0.00613134,4.99512
19.66018784,0.00599899,4.99511
19.6605753,0.00597584,4.9951
19.66061854,0.00597326,4.9951
19.66191104,0.00589671,4.99509
19.66324522,0.00581871,4.99507
19.6659136,0.00566578,4.99503
19.67125036,0.00537177,4.99496
19.68192386,0.004828,4.99454
19.68448761,0.00470755,4.99444
19.68961509,0.00447383,4.99423
19.69987005,0.00403884,4.99337
19.72037997,0.00328714,4.98958
19.72331385,0.00319363,4.98904
19.72918162,0.00301296,4.98697
19.74091715,0.00268008,4.98282
19.74458451,0.00258492,4.981
19.74641819,0.00253812,4.98009
19.74743244,0.00251257,4.97959
19.74744533,0.00251225,4.97958
19.74745169,0.00251209,4.97958
19.74747318,0.00251155,4.97957
19.74818373,0.0024938,4.97917
19.75038414,0.00243964,4.97796
19.75331803,0.00236923,4.97609
19.75918579,0.00223439,4.97234
19.77092133,0.0019869,4.96281
19.7943924,0.00156847,4.93524
19.80026017,0.0014817,4.92607
19.8119957,0.00131955,4.90554
19.83546678,0.00104322,4.85315
19.83854965,0.00101167,4.84511
19.83857686,0.00101139,4.84503
19.83928741,0.00100425,4.84312
19.84148783,0.000982432,4.83718
19.84442171,0.000954079,4.82873
19.85028948,0.000899782,4.81181
19.86202501,0.000800118,4.77406
19.88549609,0.000631616,4.68473
19.89136385,0.000596674,4.65893
19.90309939,0.00053138,4.60452
19.92657046,0.000420101,4.48232
19.92730393,0.000417071,4.4785
19.92913761,0.000409497,4.46812
19.93042118,0.000404288,4.46086
19.93130364,0.000400743,4.45587
19.93130888,0.000400722,4.45584
19.93131452,0.0004007,4.4558
19.93149216,0.00039999,4.45478
19.93277573,0.000394899,4.44738
19.93424267,0.000389159,4.43892
19.93717656,0.000377928,4.42147
19.94304432,0.00035642,4.38657
19.95477986,0.000316941,4.31313
19.97825093,0.000250195,4.1548
20.02519307,0.000153617,3.80115
20.02537077,0.000153345,3.79981
20.02537124,0.000153344,3.79981
20.02585328,0.000152608,3.79592
20.02633626,0.000151878,3.79202
20.02730223,0.000150417,3.78417
20.02923415,0.000147545,3.76847
20.033098,0.000141962,3.73706
20.0408257,0.000131415,3.6734
20.05628111,0.00011256,3.54382
20.08719191,8.22521e-005,3.27855
20.14121271,4.63771e-005,2.81059
20.14844386,4.32555e-005,2.74795
20.16290618,3.75098e-005,2.62346
20.19183081,2.80543e-005,2.38008
20.2331875,1.82928e-005,2.04967
20.23318751,4.99004,2.04967
20.23319716,4.99004,2.04959
20.23322594,4.99004,2.04937
20.23381147,4.9901,2.04484
20.23464962,4.99018,2.0384
20.23893357,4.99059,2.00545
20.24307797,4.99093,1.97388
20.25136676,4.99161,1.91157
20.26794433,4.99296,1.7904
20.28782914,4.9942,1.65153
20.29372988,4.99457,1.61184
20.29654116,4.9947,1.59311
20.30028952,4.99488,1.56837
20.30778625,4.99523,1.51976
20.31434589,4.99554,1.47827
20.32090553,4.99585,1.43766
20.32277971,4.99593,1.42628
20.32462461,4.99601,1.41507
20.32603025,4.99606,1.40664
20.32790443,4.99612,1.39541
20.33165279,4.99623,1.37325
20.33914952,4.99646,1.32997
20.35414298,4.99691,1.24792
20.3841299,4.99781,1.10437
20.44410374,4.99885,0.91794
20.50648022,4.99944,0.885588
20.50664398,4.99944,0.88572
20.50779086,4.99945,0.88668
20.51172302,4.99947,0.890446
20.5169659,4.99949,0.896613
20.52745166,4.99954,0.912854
20.5300731,4.99955,0.917888
20.53531598,4.99958,0.928727
20.53924814,4.9996,0.937674
20.54182862,4.99961,0.943905
20.54322126,4.99961,0.9474
20.54365134,4.99961,0.94848
20.5459451,4.99962,0.954452
20.54856654,4.99963,0.961572
20.55380942,4.99965,0.976743
20.56441806,4.99968,1.01117
20.56687566,4.99969,1.01986
20.5694971,4.99969,1.02941
20.57473998,4.99971,1.04938
20.58522574,4.99974,1.09274
20.60619726,4.99979,1.1922
20.61144014,4.9998,1.22016
20.6219259,4.99982,1.27828
20.62454734,4.99982,1.2934
20.62979022,4.99983,1.32415
20.64027598,4.99985,1.38801
20.64400334,4.99986,1.41158
20.64433102,4.99986,1.41365
20.64749854,4.99986,1.43391
20.64749886,4.99986,1.43392
20.64815358,4.99986,1.43814
20.6482355,4.99986,1.43867
20.6506931,4.99987,1.45462
20.65331454,4.99987,1.4718
20.65855742,4.99987,1.50668
20.66904318,4.99988,1.57835
20.6900147,4.9999,1.7282
20.73195774,4.99994,2.04542
20.75174142,4.99995,2.20176
20.7528883,4.99995,2.21083
20.7725491,4.99996,2.36692
20.79352062,4.99997,2.53275
20.83546366,4.99998,2.85612
20.84585894,4.99998,2.93367
20.86664951,4.99998,3.08553
20.90823065,4.99999,3.37164
20.91862593,4.99999,3.43847
20.9394165,4.99999,3.56783
20.96400774,4.99999,3.71197
20.99143303,4.99999,3.86078
21.04628362,5,4.12077
21.10866155,5,4.35921
21.11127787,5,4.36788
21.11914219,5,4.39337
21.12962795,5,4.42602
21.15059947,5,4.48692
21.19254251,5,4.59265
21.20302827,5,4.61524
21.22399979,5,4.65773
21.26594283,5,4.73108
21.32832092,5,4.81526
21.33355868,5,4.82099
21.33880156,5,4.82641
21.34928732,5,4.83723
21.37025884,5,4.85677
21.41220188,5,4.88957
21.47459027,5,4.9259
21.47459923,5,4.92591
21.47721043,5,4.92708
21.48507475,5,4.9306
21.49556051,5,4.935
21.51653203,5,4.94299
21.55847507,5,4.95619
21.62086288,5,4.97042
21.62087248,5,4.97043
21.62217296,5,4.97065
21.631348,5,4.97221
21.66280528,5,4.97688
21.70474832,5,4.98176
21.76713793,5,4.9869
21.76714561,5,4.9869
21.77237824,5,4.98721
21.78810689,5,4.98811
21.85102145,5,4.99084
21.91339942,5,4.99258
21.92388006,5,4.99278
21.99728038,5,4.99386
22.05966883,5,4.99442
22.05967779,5,4.99442
22.06228899,5,4.99444
22.08063907,5,4.99455
22.10161059,5,4.99466
22.20594324,5,4.995
22.21118356,5,4.99501
22.28982676,5,4.99512
22.35220474,5,4.99517
22.36268538,5,4.99518
22.49847415,5,4.99522
22.50109431,5,4.99522
22.51944439,5,4.99523
22.6447474,5,4.99524
22.64736756,5,4.99524
22.7286322,5,4.99524
22.79101017,5,4.99524
22.80149081,5,4.99524
22.93727946,5,4.99524
22.93989962,5,4.99524
22.94252106,5,4.99524
23.08355175,5,4.99524
23.08420679,5,4.99524
23.1451875,5,4.99524
23.14518751,0.00998004,4.99524
23.14518765,0.00998002,4.99524
23.14522845,0.00997596,4.99524
23.14539312,0.00995961,4.99524
23.14582028,0.00991721,4.99524
23.14702247,0.00979916,4.99524
23.14739177,0.0097629,4.99524
23.14886895,0.00962004,4.99524
23.15083853,0.00943278,4.99524
23.15281773,0.00924827,4.99524
23.15515032,0.00903543,4.99524
23.15802194,0.0087801,4.99524
23.16182056,0.00845337,4.99523
23.16771746,0.00796989,4.99523
23.16998902,0.00779164,4.99522
23.17301777,0.00755975,4.99522
23.17907527,0.00711612,4.99521
23.18932873,0.00642273,4.9952
23.19066289,0.00633833,4.9952
23.19399828,0.00613138,4.99517
23.19618713,0.00599903,4.99516
23.19657515,0.00597585,4.99516
23.19690853,0.005956,4.99515
23.19790914,0.00589682,4.99513
23.1992433,0.00581882,4.9951
23.20191161,0.00566589,4.99503
23.20724824,0.00537189,4.99489
23.2179215,0.00482811,4.99463
23.22048221,0.0047078,4.99456
23.22560364,0.00447433,4.99418
23.2358465,0.00403978,4.99342
23.25633222,0.00328872,4.98963
23.25926125,0.00319531,4.98909
23.26511931,0.00301484,4.98702
23.27683544,0.00268227,4.98289
23.28049673,0.00258719,4.98107
23.28232738,0.00254042,4.98016
23.28345008,0.00251213,4.97961
23.28345106,0.00251211,4.97961
23.28345928,0.0025119,4.9796
23.28347072,0.00251161,4.9796
23.28351613,0.00251048,4.97957
23.28420262,0.00249333,4.97918
23.2863994,0.00243926,4.97792
23.28932843,0.00236898,4.97624
23.29518649,0.00223438,4.97237
23.30690262,0.00198727,4.96285
23.33033487,0.00156939,4.93535
23.33619294,0.0014827,4.9262
23.34790906,0.0013207,4.90573
23.35318744,0.00125304,4.89542
23.35318745,4.99127,4.89542
23.35319395,4.99127,4.89541
23.35321024,4.99127,4.89537
23.35596784,4.99151,4.8897
23.35874716,4.99174,4.88376
23.36569547,4.99227,4.8679
23.37494539,4.99298,4.84451
23.37502139,4.99298,4.84432
23.37506397,4.99298,4.8442
23.37507347,4.99298,4.84418
23.37784193,4.99318,4.83667
23.38756955,4.99378,4.80831
23.39615451,4.99431,4.78072
23.3963065,4.99432,4.78023
23.40169143,4.99459,4.7617
23.40725008,4.99487,4.74158
23.41836736,4.99543,4.6983
23.42114668,4.99557,4.68649
23.42799727,4.99586,4.65737
23.42817098,4.99587,4.6566
23.43136285,4.99599,4.64245
23.43970081,4.99632,4.60399
23.4508181,4.99664,4.54957
23.47305266,4.99728,4.4314
23.49041799,4.99778,4.33093
23.49045056,4.99778,4.33075
23.49045843,4.99778,4.3307
23.49046046,4.99778,4.33069
23.49184741,4.99781,4.32246
23.49323707,4.99784,4.31423
23.50296469,4.99803,4.25573
23.51060782,4.99818,4.20898
23.51191063,4.99821,4.20101
23.51588419,4.99828,4.17649
23.51653559,4.99829,4.17247
23.53807533,4.99858,4.03875
23.56030989,4.99888,3.90274
23.56586853,4.99895,3.86951
23.57698582,4.99906,3.80419
23.58853737,4.99916,3.73857
23.58888478,4.99917,3.7366
23.59374859,4.9992,3.70974
23.59930723,4.99924,3.67969
23.61042452,4.99932,3.62192
23.62015214,4.99939,3.57426
23.62362629,4.99941,3.5579
23.62484224,4.99942,3.55218
23.62901122,4.99944,3.53308
23.63700177,4.99948,3.49803
23.64117075,4.99951,3.48065
23.64269069,4.99951,3.47431
23.64599114,4.99953,3.46104
23.6543291,4.99956,3.42915
23.66544638,4.99959,3.39041
23.68768095,4.99966,3.3263
23.73215008,4.9998,3.2515
23.79452805,4.9999,3.25582
23.79714437,4.9999,3.25877
23.80500869,4.99991,3.26882
23.81549445,4.99992,3.28481
23.83646597,4.99992,3.32485
23.87840901,4.99994,3.43094
23.88889477,4.99995,3.46325
23.90986629,4.99995,3.53086
23.95180933,4.99997,3.67582
23.98326661,4.99999,3.79077
24.02520965,4.99999,3.94321
24.04355973,4.99999,4.00867
24.05404549,4.99999,4.04554
24.07501701,4.99999,4.11751
24.11696005,4.99999,4.25287
24.17934722,5,4.42981
24.17935742,5,4.42984
24.1794291,5,4.43003
24.18518756,5,4.44487
24.18518757,0.00997821,4.44487
24.18522851,0.00997414,4.44498
24.1857917,0.00991823,4.44641
24.18695352,0.00980389,4.44934
24.18933739,0.00957339,4.45535
24.19221317,0.0093025,4.4626
24.19594633,0.00896219,4.47175
24.1987462,0.0087159,4.47861
24.20247936,0.00839732,4.48775
24.20994569,0.00779399,4.50504
24.2222683,0.00688973,4.53357
24.22412729,0.00676423,4.53788
24.22784529,0.00651871,4.54594
24.23551365,0.00603877,4.56257
24.23655207,0.00597654,4.56482
24.23656319,0.00597587,4.56485
24.23656813,0.00597558,4.56486
24.23658084,0.00597482,4.56489
24.23749581,0.00592051,4.56681
24.24028431,0.00575801,4.57266
24.2440023,0.00554822,4.58021
24.25143829,0.00515103,4.59531
24.26631026,0.00443806,4.6232
24.27002826,0.00427927,4.63018
24.27746425,0.00397524,4.64302
24.29233622,0.00342684,4.66658
24.32208017,0.00253637,4.70242
24.32351958,0.00250031,4.70416
24.32351964,0.00250031,4.70416
24.32353415,0.00249995,4.70417
24.32354867,0.00249959,4.70418
24.32444912,0.00247722,4.705
24.32723762,0.00240923,4.70752
24.33095561,0.00232145,4.71029
24.3383916,0.00215527,4.71583
24.34025059,0.00211601,4.71677
24.34396859,0.0020392,4.71866
24.34675708,0.00198339,4.72008
24.35047508,0.00191118,4.72109
24.35791107,0.0017744,4.72311
24.37278304,0.00152884,4.72177
24.40252699,0.00113095,4.69824
24.40996298,0.00105282,4.68667
24.41228673,0.00102887,4.68305
24.41428733,0.00100855,4.67994
24.41429487,0.00100847,4.67993
24.41432381,0.00100818,4.67988
24.41452713,0.00100614,4.67953
24.41615376,0.000989934,4.67669
24.41801275,0.000971736,4.67344
24.42173075,0.000936332,4.66646
24.42916673,0.000869301,4.65096
24.44403871,0.000748977,4.61375
24.47378266,0.00055404,4.51435
24.48121865,0.000515764,4.48326
24.49609063,0.000445473,4.41623
24.50073812,0.000425587,4.39352
24.50259711,0.000417778,4.38444
24.50646465,0.000401968,4.36499
24.50736511,0.000398372,4.36034
24.5101536,0.000387438,4.34595
24.5138716,0.000373322,4.32628
24.52130758,0.000346596,4.28554
24.53617956,0.000298623,4.19866
24.56592351,0.0002209,4.00548
24.5733595,0.000205639,3.95259
24.58823147,0.000177613,3.84381
24.59287897,0.000169684,3.80877
24.59473796,0.000166571,3.79475
24.59910951,0.000159464,3.76141
24.59916942,0.000159368,3.76095
24.59920437,0.000159313,3.76068
24.59929151,0.000159175,3.76002
24.60010482,0.000157887,3.75376
24.6011875,0.000156191,3.74544
24.60118751,4.99018,3.74544
24.60118813,4.99018,3.74543
24.60120852,4.99018,3.74527
24.60179779,4.99023,3.74073
24.60605577,4.99064,3.7077
24.61092204,4.99103,3.66956
24.62065457,4.9918,3.59215
24.64011964,4.99335,3.43362
24.66643112,4.99481,3.21429
24.67914238,4.99551,3.10676
24.68020304,4.99555,3.09779
24.69226797,4.99605,2.99583
24.69438927,4.99614,2.97798
24.69863189,4.99628,2.94227
24.70711711,4.99654,2.87131
24.72408757,4.99707,2.73181
24.73151214,4.99731,2.67213
24.73682265,4.99747,2.62995
24.73708368,4.99748,2.62788
24.74106112,4.99758,2.59664
24.74530374,4.99768,2.56371
24.75378896,4.99782,2.49912
24.77075942,4.9981,2.37592
24.77500203,4.99817,2.34671
24.78348725,4.99832,2.28978
24.78985117,4.99842,2.24871
24.7983364,4.99856,2.19622
24.81530685,4.99885,2.10007
24.84924775,4.99917,1.9471
24.85133592,4.99919,1.93944
24.85451788,4.99922,1.92814
24.85876049,4.99926,1.91388
24.86724571,4.99931,1.8881
24.88421617,4.99942,1.84767
24.88951943,4.99945,1.83858
24.89361289,4.99948,1.83224
24.89381176,4.99948,1.83193
24.89566791,4.99949,1.82934
24.89972822,4.99951,1.82432
24.89996024,4.99951,1.82403
24.90181638,4.99952,1.82203
24.90393769,4.99953,1.81995
24.90924095,4.99955,1.81581
24.91136226,4.99956,1.81457
24.91560487,4.99958,1.81275
24.9240901,4.9996,1.81181
24.94106055,4.99965,1.82052
24.97500145,4.99975,1.8774
24.98560799,4.99978,1.90721
24.99091125,4.99979,1.92311
24.99727517,4.99981,1.94355
24.99860099,4.99982,1.94803
24.99959535,4.99982,1.9514
25.00277731,4.99982,1.96244
25.00701992,4.99983,1.97774
25.01550515,4.99985,2.01019
25.0324756,4.99986,2.08196
25.0664165,4.9999,2.24839
25.07702304,4.99991,2.30697
25.08444761,4.99992,2.34875
25.09001604,4.99993,2.38072
25.0910104,4.99993,2.38643
25.09508729,4.99993,2.41019
25.09588278,4.99993,2.41483
25.10330735,4.99993,2.45875
25.11179258,4.99994,2.50978
25.12876303,4.99994,2.61394
25.16270393,4.99996,2.82704
25.18815961,4.99997,2.98894
25.22210051,4.99998,3.20115
25.23058574,4.99998,3.25307
25.24755619,4.99998,3.35544
25.28149709,4.99999,3.55181
25.31435974,4.99999,3.72952
25.35564146,4.99999,3.93324
25.36596189,4.99999,3.97997
25.38660275,4.99999,4.06983
25.42788446,5,4.23269
25.49026242,5,4.43726
25.49550018,5,4.45218
25.50074306,5,4.46646
25.51122882,5,4.49502
25.53220034,5,4.5478
25.57414338,5,4.63971
25.58462914,5,4.65941
25.60560066,5,4.69653
25.6475437,5,4.76077
25.70993017,5,4.83479
25.71516793,5,4.83986
25.72041081,5,4.84464
25.73089657,5,4.8542
25.75186809,5,4.87149
25.79381113,5,4.90057
25.85619002,5,4.93289
25.85619898,5,4.93289
25.85749946,5,4.93343
25.87716026,5,4.94102
25.89813178,5,4.94816
25.94007482,5,4.95999
26,5,4.97234
